469
340
280
669
305
522
875
230
687
399
537
193
662
391
867
793
872
585
501
957
858
618
732
807
182
880
426
123
725
749
707
158
122
406
357
187
144
257
261
705
868
491
870
724
311
280
214
338
258
774
200
503
619
615
763
228
836
775
131
872
410
290
535
333
619
667
441
194
428
391
216
605
355
445
607
118
145
837
537
749
319
453
827
651
893
588
815
595
737
373
935
327
567
101
858
893
312
135
269
509
633
926
789
613
669
677
228
308
464
207
727
954
947
851
703
432
647
612
541
857
782
807
959
683
365
422
315
254
182
807
886
929
787
591
534
650
134
454
517
495
803
831
572
687
580
597
315
325
593
873
756
895
665
294
664
246
235
590
767
384
849
237
359
401
996
102
153
612
51